27 27
140 220
10 290
40 150
300 100
130 230
50 220
250 50
260 100
260 70
80 270
80 240
300 180
260 210
90 90
290 270
280 280
200 230
240 230
210 290
150 80
290 120
250 290
90 30
90 260
300 40
180 280
80 30
440 150 27
580 70 28
300 140 10
600 380 2
460 300 31
440 270 6
500 220 13
520 150 15
140 340 14
540 340 17
160 500 19
600 340 27
420 350 27
180 380 9
540 340 22
560 480 29
400 490 24
480 250 8
580 360 11
160 390 3
240 540 10
500 420 13
180 140 26
180 390 8
600 90 31
560 200 25
160 150 31
