28 28
250 290
90 70
70 300
280 260
40 200
190 50
20 70
220 300
80 200
260 40
100 100
90 20
110 30
90 220
300 120
190 80
50 10
130 280
230 130
290 170
300 260
140 130
230 10
270 60
60 270
190 190
100 270
80 60
500 380 28
180 230 25
600 170 9
520 530 26
400 280 26
380 240 14
140 60 7
440 550 29
160 340 29
80 420 30
200 380 3
180 110 17
220 140 17
440 390 21
240 340 6
160 280 4
100 270 6
260 440 16
460 170 31
340 440 14
600 520 13
280 370 26
20 330 9
120 320 10
120 510 28
380 430 19
540 180 18
120 140 5
