40 40
100 80
200 20
110 180
200 120
80 60
180 130
50 200
80 20
150 140
160 40
30 50
160 10
130 30
100 110
130 190
90 10
10 140
190 110
90 160
200 200
60 60
40 30
40 110
160 110
190 40
70 20
120 120
180 80
50 160
160 150
170 190
160 130
50 140
40 130
200 20
190 190
30 60
80 110
40 110
130 200
160 150 7
400 120 5
220 290 5
240 280 16
160 80 15
260 330 9
100 370 11
160 200 17
280 160 13
320 50 7
60 120 7
20 220 4
260 210 9
220 140 5
260 330 21
20 260 18
20 210 11
380 190 18
320 120 18
400 270 11
120 250 15
60 220 21
80 190 5
220 330 5
80 370 16
40 270 9
240 290 10
160 270 18
320 80 6
300 250 20
340 320 16
260 350 5
100 200 4
260 200 8
400 140 13
380 250 12
60 240 15
220 140 2
220 190 20
400 220 18