46 46
90 140
130 270
50 290
10 120
240 160
120 170
110 160
180 190
300 270
80 100
190 230
270 40
240 260
10 160
280 70
260 200
210 240
110 30
60 260
240 40
20 100
150 50
90 40
120 220
80 180
60 290
70 240
60 190
200 50
70 20
240 230
90 170
50 60
150 270
150 300
260 110
210 280
220 100
140 90
230 100
190 290
190 240
260 170
10 210
220 150
170 80
280 370 25
260 490 12
100 570 22
240 280 25
320 320 26
340 180 20
220 190 15
360 300 10
600 440 7
200 210 8
460 350 15
80 390 6
480 470 25
20 190 16
560 370 10
520 270 30
420 430 20
220 120 8
520 310 21
80 390 13
40 270 31
100 370 29
180 120 13
440 410 21
360 200 28
580 340 26
480 240 22
120 290 12
100 470 9
40 240 15
460 430 20
340 110 22
120 160 11
540 360 17
300 400 31
520 330 27
560 230 17
440 140 12
180 380 14
200 460 31
580 200 29
380 500 22
520 200 19
420 190 25
300 330 26
340 250 21
