47 47
230 230
10 90
140 120
50 230
270 60
190 170
90 200
110 20
270 210
150 50
70 230
290 150
170 290
160 100
130 290
20 270
300 260
280 200
140 200
10 170
210 110
50 190
40 200
130 250
100 130
60 70
30 220
150 240
20 20
100 20
10 100
220 110
160 140
200 270
80 260
50 40
270 100
230 30
190 160
140 120
60 240
40 190
250 40
30 190
180 40
250 180
270 130
460 470 14
20 370 30
240 370 17
460 120 9
120 330 7
340 350 19
180 310 12
220 310 12
420 430 31
100 160 26
140 370 15
300 320 22
580 460 27
200 380 31
580 250 3
40 360 10
600 450 19
560 260 14
400 200 5
20 450 21
220 220 28
380 140 2
80 490 15
500 370 2
200 260 26
120 270 10
60 260 19
480 190 5
40 80 11
40 330 12
20 180 15
220 270 29
280 250 29
400 300 14
160 380 26
80 340 30
540 240 2
460 120 3
320 280 18
240 220 30
480 350 16
80 230 19
80 530 30
60 440 16
360 100 16
360 500 18
260 530 14
