48 48
140 170
270 20
10 180
30 170
70 160
90 120
270 30
60 300
100 40
270 100
180 50
70 120
240 300
50 20
150 130
170 200
100 80
10 200
30 220
120 180
170 240
240 160
150 40
300 210
220 200
230 290
300 120
80 280
140 40
120 170
20 140
250 220
90 170
60 280
120 100
250 40
110 130
260 130
90 60
150 180
160 160
100 270
110 110
50 140
170 260
200 180
230 30
280 300
340 380 8
40 450 25
20 460 14
340 300 27
140 390 26
180 380 19
540 70 26
120 590 19
80 270 21
200 480 28
360 230 26
140 290 17
480 450 23
100 190 30
260 290 14
340 500 23
160 300 5
20 310 21
60 340 17
360 210 18
340 260 27
320 430 12
80 370 3
420 500 11
440 360 7
460 540 18
600 260 3
160 510 9
80 200 9
340 270 6
280 140 5
500 300 3
340 390 23
560 140 23
240 190 18
500 150 6
260 300 23
260 290 26
180 210 2
360 310 29
320 440 31
200 560 2
220 210 26
100 250 23
520 280 9
400 220 17
460 90 6
560 450 18
